4.429398618945883104e-02,2.115162539340960379e-01,1.075815186877474294e-01,1.859750001171455724e-01,4.506332410715520598e-01
7.419669770980284219e-03,4.178031506925034000e-01,5.575289435608409699e-02,2.936880628688411377e-01,2.253362223115909779e-01
1.666006329723519475e-01,1.434715681611259952e-01,1.661934722493817185e-01,2.606363358336550307e-01,2.630979907834853360e-01
3.224858408805612031e-01,7.698369518378356258e-02,2.902345722471439959e-01,2.337648079980428895e-01,7.653108369046832116e-02
9.276107705565247996e-02,5.073290462447179600e-02,2.881333865999858856e-01,3.935617540617601384e-01,1.748108776581297485e-01
3.082116589849285826e-01,1.277437957725172102e-01,3.352793862594349861e-01,1.436093036549894453e-01,8.515585532812973424e-02
4.343322919130615523e-01,6.196024871938631169e-03,2.575044451544514224e-01,2.077587936028694182e-01,9.420844445767896647e-02
2.136162494251671595e-01,2.560447887691431612e-01,2.351793046218000061e-01,1.069299727780279458e-01,1.882296844058617413e-01
1.688634114248273588e-01,1.928501533458715500e-01,2.197110007378546837e-01,1.705113009983263705e-01,2.480641334931201203e-01
2.593487641855893311e-01,2.137174010064832597e-01,4.593854975700284449e-02,1.846897967940970275e-01,2.963054882568276760e-01
2.890890311979414928e-01,1.291574571594356069e-01,1.590322142694857929e-02,2.879696466040653768e-01,2.778806436116089129e-01
3.009788980835476080e-01,3.630708727531644503e-02,2.948106111871010016e-01,6.141873204159247618e-02,3.064846714124424554e-01
1.384489201988201024e-01,3.299557483730713447e-01,2.231898686039658353e-01,2.758037306930848365e-01,3.260173213105786033e-02
2.082451315668829017e-01,2.483311696596375850e-01,2.511299220477458682e-01,8.035203215395456122e-02,2.119417445717790838e-01
2.269932374380493473e-02,1.572680081729475599e-01,3.216561170615501175e-01,3.277631774722136182e-01,1.706133735494836101e-01
4.838584645719103960e-01,3.393591046752427731e-01,1.774663251143012918e-02,1.348634428828212606e-01,2.417235535859530229e-02
4.466133221257116981e-01,7.182738996435186762e-02,3.020713885164773033e-03,1.876377943777867707e-01,2.909007796469849638e-01
3.604190703824723396e-01,3.680359354462515564e-03,3.998540571384291975e-01,2.030351144334179014e-01,3.301139869121794135e-02
3.161149066115274131e-01,3.565109986121027252e-01,3.150550840971982208e-02,8.993950920806066673e-02,2.059290771585894075e-01
2.674341191237613602e-01,1.285011313791692145e-01,2.788394113444697675e-01,1.288776575861036444e-02,3.123375723939891824e-01
2.880680238697486684e-01,7.504319021061467421e-02,4.492224121432338707e-02,3.887821376053101075e-01,2.031844071000031837e-01
2.783129111785481724e-01,6.272970189454467327e-02,2.223524431013517988e-01,2.018438655933889325e-01,2.347610782321665202e-01
2.710915502167045577e-01,6.178627825799332812e-02,6.414778347825825233e-02,3.756908734861612587e-01,2.272835145608824714e-01
1.603889853534446741e-01,4.311602506247375066e-01,5.067308032542128943e-02,9.561226264289153509e-02,2.621654210535051543e-01
1.597417136221745693e-01,1.519777049937771629e-01,2.838117790689991815e-01,5.175126682148944307e-02,3.527175354935596641e-01
1.679164600969050292e-01,3.111185515200111107e-01,1.517553228739927651e-01,1.463501783861303474e-01,2.228594871229606367e-01
3.069535719501709226e-01,2.983553773699401668e-01,2.874568266702223207e-01,3.257366670002244391e-02,7.466055730964396564e-02
2.361796183930769677e-01,1.650191426507136710e-02,2.178812662159013980e-01,3.401868532517769439e-01,1.892503478741732748e-01
2.281821730385460434e-01,1.436563521835223789e-01,2.401841030684881695e-01,2.148518070310168893e-01,1.731255646784264635e-01
3.898846872391671659e-02,2.422513299330108782e-01,2.923715174573073838e-01,3.216473604275567055e-01,1.047413234582082742e-01
3.189348370726114990e-01,1.010335964612201209e-01,2.496799255297046105e-01,3.938324713098557972e-02,2.909683938054782315e-01
2.446585224370993739e-02,1.317343935091226104e-01,1.023875311623113626e-01,1.754770615088407926e-01,5.659351615760153109e-01
3.227535023089750932e-01,5.538526668044320422e-02,3.398473945208258518e-01,2.624905536787137950e-02,2.557647811218844991e-01
3.558052074498019302e-01,2.002495121292758862e-01,1.221712466268154995e-01,2.992125367401303193e-01,2.256149705397630933e-02
1.867563627834250284e-01,3.323300579408043909e-01,1.731695827760973139e-01,1.770667938098370309e-01,1.306772026898362915e-01
2.051855374046942515e-01,5.050879015499468161e-02,3.024504972859302088e-01,3.640681139108271069e-01,7.778706124355390383e-02
2.884840192538410952e-01,4.208819049493262021e-02,1.129352046423559575e-01,2.490308303386193634e-01,3.074617552702509915e-01
2.500006943995201625e-01,9.392854976677267667e-03,3.436162942250958197e-01,3.858430369771085888e-01,1.114711942159814402e-02
1.115105609538445813e-01,2.090393351083017770e-01,2.067876191881179715e-01,1.956255353514672057e-01,2.770369493982685061e-01
1.586530489530483257e-01,2.418354224309577083e-01,1.797968150038773971e-01,2.498792166647567925e-01,1.698354969473597764e-01
3.852436389331588829e-01,1.820412103939037241e-01,1.386173486971467861e-01,2.133702558267504823e-01,8.072754614904009696e-02
2.196752907017232304e-01,1.061788775371158289e-01,2.084977342775085341e-01,2.465867170382967932e-01,2.190613804453556690e-01
2.019792529413282633e-01,1.453406279855400801e-02,1.931840385093323287e-01,3.178921717880526243e-01,2.724104739627328242e-01
1.154041466149597350e-01,1.343501368185825162e-01,2.229996362269045795e-01,2.646635664466260307e-01,2.625825138929270275e-01
3.682283305826412889e-02,4.219859486779424518e-02,1.404783082546399164e-01,4.073958215298526531e-01,3.731044422894490009e-01
1.979662491425195625e-01,1.796698410814900060e-01,1.771852865345821537e-01,1.607821780644685672e-01,2.843964451769397384e-01
3.949292975675244843e-02,1.960479573779192186e-01,2.161665535330173638e-01,2.571969692560423515e-01,2.910955900762686732e-01
2.750651965616020544e-01,2.550196347630434568e-01,2.658642343200313118e-01,1.199138480055477046e-01,8.413708634977538903e-02
3.323542062019725352e-01,1.066127829627866036e-01,7.503174999507424003e-02,4.099323932830595263e-01,7.606886755710703940e-02
1.295306742665390531e-01,1.989297586779335270e-01,3.576471717792746863e-01,1.325399771816158923e-01,1.813524180946368969e-01
2.684915263647434380e-01,1.334558877894348183e-01,3.123756001900962476e-01,2.347841546388342859e-01,5.089283101689111299e-02
1.153607486662903414e-01,8.639948706854752580e-02,2.630671423584710067e-01,2.463595760906912846e-01,2.888130458159999803e-01
1.457001168253125867e-01,2.987269363577170767e-01,2.886333880952240416e-01,1.655607661344598580e-01,1.013787925872865481e-01
3.193375556747489186e-01,1.078355076264596389e-04,1.820081655086366323e-01,1.782036171983254202e-01,3.203428261106626151e-01
6.729913147435373499e-02,3.075960543184096396e-01,2.765814358158418251e-01,1.855980670131425203e-01,1.629253113782523354e-01
3.091489277959771909e-01,2.245928470194883675e-01,3.021134673116342428e-01,1.189419484551783868e-01,4.520280941772188144e-02
2.469941464771068518e-01,9.455717607605745867e-02,2.376640373073207191e-01,3.978779996867578550e-01,2.290664045275693506e-02
4.558685275373868667e-02,1.708803461293703085e-01,2.190109694408694241e-01,2.711935959362544168e-01,2.933282357397671847e-01
1.378695130871741836e-01,2.059617407136574985e-01,2.527561049567658702e-01,2.083477155259578495e-01,1.950649257164445982e-01
3.017708893459766784e-01,2.867845048905498517e-01,1.543784995214518840e-01,6.923935273875925223e-02,1.878267535032623059e-01
3.347910873498585183e-01,6.102005577770062972e-02,8.821762485302153678e-02,3.747726866280476909e-01,1.411985453913717492e-01
2.293850351435054169e-01,1.417047037304440841e-03,1.995793262536370988e-02,2.317847504178089380e-01,5.174552347760175142e-01
1.123895485558702306e-01,2.617501600220546454e-01,2.220601926029880935e-01,2.863867776999537429e-01,1.174133211191332182e-01
3.513277182873419391e-01,1.238766705004158003e-01,9.317697027686862310e-02,2.115992809356489479e-01,2.200193599997246618e-01
3.151111540516092213e-01,2.336499563331758886e-02,2.246142425980910129e-01,1.268471031202997312e-01,3.100625045966824422e-01
1.822572810511224051e-01,3.455844706690778256e-01,2.091620017968564768e-03,4.419506811867680018e-01,2.811594707506319749e-02
2.600294333073053243e-01,3.164555879767606827e-02,1.794775231616869970e-01,2.566059691774052465e-01,2.722415155559263500e-01
2.428464210975061766e-01,1.955286617239308244e-01,2.608776298435687702e-01,1.930236066859545851e-01,1.077236806490396437e-01
2.137387481621411400e-01,8.574582698978039375e-02,9.790525178085093816e-02,2.017102775232068601e-01,4.008998955440206124e-01
3.935805118552184595e-02,3.023528270894903017e-02,3.740411970679281550e-01,2.233126684727461952e-01,3.330528005648548673e-01
2.502767535612719363e-01,2.681700462116788988e-02,2.967263399733792162e-01,4.872725563686841621e-02,3.774526462073125588e-01
3.079539431704768071e-01,3.144703105239069485e-01,2.022420169560688041e-01,7.985814391567669715e-03,1.673479149579798209e-01
1.181602199610981424e-01,1.418293593732374847e-01,4.530185242254776146e-01,2.541258058631664651e-01,3.286609057702036263e-02
2.254541609732741980e-01,1.349032183948706276e-01,2.435701449588748013e-01,1.694637207475757079e-01,2.266087549254047484e-01
8.717723419069137170e-02,2.157684648579208941e-01,1.481758787607148353e-01,2.900111852515184774e-01,2.588672369391543659e-01
3.092111596186355449e-01,2.588383018977680750e-01,1.019024208600644993e-01,3.255878465546686029e-01,4.460271068863199892e-03
2.172052387936783124e-01,3.106489781766311187e-01,4.006158397023658335e-02,3.326210846498193208e-01,9.946311440963470640e-02
2.711788740424732058e-01,1.172853295659607442e-01,1.639033706125815060e-01,1.754975833180144051e-01,2.721348424609701389e-01
2.903386479124068220e-01,1.813038860402064190e-01,2.560510943056594768e-01,2.683209701656515955e-01,3.985401576075573923e-03
1.710182583414112112e-01,2.490235234890750826e-01,6.492965871083586360e-02,2.396125082351171012e-02,4.910673086351661221e-01
4.397787255870824197e-01,1.477494942554887780e-01,5.198563939905653103e-02,5.405112369383466286e-02,3.064350170645375182e-01
4.242371718446527051e-01,6.291731039504472323e-02,2.622981831404569975e-01,2.356471505787034043e-02,2.269826195619751574e-01
2.375241761817143693e-01,1.853143794885289686e-01,2.009060228457762165e-01,1.617641796095799500e-01,2.144912418744004956e-01
8.890309960344354445e-02,2.899783083779066128e-01,3.763894678077003147e-02,1.738080368974343759e-01,4.096716083404452480e-01
4.358286877251128094e-02,5.340678748753420191e-01,1.191760413416032699e-01,7.384122967787697112e-02,2.293319853326664104e-01
1.661834638473796699e-01,4.543148702030135044e-02,1.045651634053044593e-01,4.123434841117958327e-01,2.714764016152186876e-01
1.978168561226886224e-01,2.991572176710736164e-01,1.705725187996395553e-01,2.719854969202004646e-01,6.046791048639775512e-02
2.117046707430891850e-01,3.931017662052413986e-01,4.990292525314340283e-02,1.030056838024650916e-02,3.349900694182794125e-01
5.833697708928318182e-01,1.490664534646299888e-01,1.691763744568760830e-01,2.571845998081586510e-02,7.266894120484627961e-02
1.434881263473234414e-01,2.076215463648758142e-01,9.993485892988265840e-02,2.848559698094084436e-02,5.204698713769772001e-01
5.438169532242513593e-02,2.266625388649393669e-01,3.761552196474811649e-01,1.360644476319991525e-01,2.067360985331552214e-01
2.757451108477979584e-01,1.606099883382999804e-01,2.454090812436871549e-01,1.292470063800973124e-01,1.889888131901175383e-01
9.846180310841531891e-02,2.933507217142912182e-01,4.520682136248353744e-02,2.795902950324358205e-01,2.833903587823740078e-01
2.765708908250161246e-01,1.130681934927472709e-01,3.130692151447134752e-01,1.502451619996689469e-01,1.470465385378541823e-01
1.279613958632574156e-01,9.563937261615630681e-02,2.145789150542157797e-01,5.035061704389924842e-01,5.831414602737791664e-02
1.472404072178319645e-01,3.983325913134893592e-01,2.146336356597566830e-02,1.826664012806796800e-01,2.502972366220234113e-01
3.915910577312742835e-01,2.474858697027831067e-01,2.246869446559207062e-01,9.521788009021450033e-03,1.267143399010003113e-01
2.266470053965092754e-02,1.931100365223198667e-01,3.039427578012404707e-01,1.815705228988289954e-01,2.987119822379595835e-01
6.984941707096874175e-02,1.347287546411019832e-01,3.791877407017557045e-01,2.806387271422524088e-01,1.355953604439210647e-01
8.239516022978775334e-02,1.178743121815636202e-01,2.703577388216095168e-01,2.448517721268731184e-01,2.845210166401659913e-01
1.567064703348268750e-01,3.320845836674122253e-01,1.335765992936772395e-01,1.810074500104000561e-01,1.966248966936834375e-01
4.879010262441038637e-02,2.081053542144730706e-01,2.661851715533232188e-01,2.620789926113938906e-01,2.148403789963994337e-01
4.438358088090058051e-01,3.484394109731224487e-02,1.692456106937040294e-01,3.093942496942307940e-01,4.268038970574710572e-02
3.563925480475115259e-01,4.204514463676564673e-02,1.128814382689997814e-01,2.352351493484091116e-01,2.534457196983138649e-01
2.003343422844694188e-01,1.858567503881953797e-01,1.432167139795611499e-01,1.468796853709041506e-01,3.237125079768699565e-01
1.367259775264123289e-01,3.385866619503316022e-01,2.352425426028137700e-01,2.419552255505805494e-01,4.748959236986184662e-02
8.617676978896662843e-02,5.194988454092619445e-02,3.714972894383627988e-01,8.042552460963194039e-02,4.099505316221124795e-01
4.124381436223015229e-01,1.135934236287542837e-01,1.868016432613352207e-01,1.344742495288979434e-01,1.526925399587111543e-01
3.024400592243699504e-01,4.732944625547675921e-01,3.563444576289851590e-02,1.430816818470333762e-01,4.554935061093060011e-02
3.257660692419032666e-01,2.991458124597263235e-01,4.383496765004862850e-02,2.884958640087789683e-01,4.275728663954291714e-02
1.642854121032051931e-02,2.525641554402816014e-01,2.555931834242004541e-01,3.157179670334666066e-01,1.596961528917309192e-01
1.964377038332081882e-01,1.588699919060164722e-01,2.761944625881661564e-01,1.054323182470368742e-01,2.630655234255723784e-01
2.429690018035926269e-01,2.563326977151555996e-01,6.608497786456808687e-02,3.355329513772140060e-01,9.908037123946973612e-02
3.677161050429542805e-02,8.400545463719764905e-02,1.694862369427742599e-01,2.785128413257191848e-01,4.312238565900136100e-01
2.314448475727060861e-01,2.091216800357163508e-01,3.046751778218798057e-01,8.287760532287700987e-02,1.718806892468206782e-01
3.347561422048909302e-02,2.311576182624816567e-01,2.942559200610192494e-01,2.660942021972104721e-01,1.750166452587994803e-01
7.572198826945804317e-02,3.732837758555418994e-01,3.181847964583904842e-01,1.677403989015851804e-01,6.506904051502437891e-02
1.083024230370746577e-01,1.192593964814178814e-01,1.864065268679822307e-01,3.551560561157399154e-01,2.308755974977853842e-01
2.813041572030405835e-01,2.409737451935143326e-01,1.486701162867193893e-01,2.974171202521847523e-01,3.163486106454106717e-02
2.301237145897410893e-02,1.432210384482293930e-01,3.214726164634268413e-01,3.133761007006047317e-01,1.989178729287649494e-01
7.336578982683854278e-02,3.358502095294943479e-01,2.679166904984376929e-01,2.720845675089004767e-01,5.078274263632906460e-02
1.883726633435789666e-01,3.407169342744617024e-01,1.487925245241625838e-01,5.616397460911855960e-02,2.659539032486780696e-01
2.614183209381220618e-01,1.365182262109093381e-01,7.797992937739163521e-02,4.457755651554000109e-01,7.830795831817709274e-02
1.799941416932577254e-01,5.490285369562633577e-02,3.481549681724133150e-01,3.285406860405675755e-01,8.840735039813510387e-02
8.902384655362587107e-02,1.649044385297318213e-02,2.601164490804302454e-01,2.905622956176023286e-01,3.438069648953684387e-01
1.203985909322462522e-01,4.974718812726200423e-01,3.975234047584408001e-03,3.308534976680109208e-01,4.730079607953818072e-02
5.478420149466641659e-02,1.124185683381309503e-01,2.666807153827039922e-01,2.509650793424833548e-01,3.151514354420151820e-01
2.253764567532154373e-01,5.574635914313450652e-02,3.933867794012192998e-01,5.555160456822031551e-02,2.699388001342103438e-01
1.620722844644904570e-01,3.120896095901820599e-01,3.190682956323050434e-01,1.193213285504866467e-01,8.744848176253566807e-02
3.312189715514921029e-02,2.197733999757432721e-01,1.146102343854246558e-01,3.078612774902087512e-01,3.246331909934741522e-01
3.326137911213145615e-01,2.581256642289899150e-01,2.110982774256003058e-01,1.565109987672125280e-01,4.165126845688284923e-02
2.003028455988729306e-01,1.632400424465954569e-01,3.169159871852119115e-01,2.945556356621022998e-01,2.498548910721738042e-02
1.314038096820338286e-01,2.864150842390624473e-03,2.323991556219993093e-01,3.979981301825011863e-01,2.353347536710750365e-01
1.698512972297759605e-01,2.243866417307622541e-01,2.944144477003440286e-01,2.021686554619887000e-01,1.091789578771290709e-01
2.708651950324774682e-01,1.126282067374796553e-01,1.889788782288006341e-01,2.165418298703804256e-01,2.109858901308618861e-01
1.452057897057987441e-02,2.183803940105198405e-01,4.762945138853936222e-01,1.768536153919237491e-02,2.731191515943142689e-01
7.440428439757558465e-02,9.012207618437613477e-02,3.869904642021215757e-01,3.625311521123049108e-01,8.595202310362186349e-02
3.351374829373015563e-01,3.032057938839283762e-01,1.558219934336715073e-01,9.131153714730164128e-02,1.145231925977968357e-01
2.872403296694987507e-01,1.393350684911830173e-01,2.457328581971535697e-01,1.329186539776465448e-01,1.947730896645181731e-01
2.535807736728827311e-01,1.397056480366198339e-01,1.764390436760047420e-01,7.344894137408899959e-02,3.568255932404036379e-01
1.102338943100221458e-01,2.344557600896782779e-01,1.497847387393496932e-01,2.570184702262681697e-01,2.485071366346817689e-01
1.665434823508316342e-01,1.722655019604363291e-01,2.003629783708327228e-01,3.323627695020618944e-01,1.284652678158374473e-01
9.263684774885923290e-02,1.197702707063400956e-01,3.116552522186021301e-01,2.822601003552234200e-01,1.936775289709752046e-01
2.936661436384361834e-01,3.905198116006730613e-01,1.136812815416086697e-01,4.887360805510628653e-02,1.532591551641757366e-01
2.806593557171533759e-03,2.445237331843023165e-01,2.056631161473178315e-01,4.791036253093580721e-01,6.790293180185007216e-02
4.851212380806824154e-01,3.374187399738078769e-02,5.332424402644395101e-02,4.121344027949681577e-01,1.567824110052470216e-02
1.640324395341353769e-01,3.000143993032395318e-01,7.698633958944441080e-02,1.247047864367372139e-01,3.342620351364435916e-01
4.334246767022261748e-01,1.330524934146989080e-01,2.390766612446735065e-02,1.434170376938642966e-01,2.661981260647431347e-01
2.310113971456911053e-01,2.190133844779708627e-01,1.790603009043474081e-01,1.608025493961027785e-01,2.101123680758878454e-01
1.546459003808501875e-01,1.527224315959205547e-01,2.376533173345744265e-01,1.658256216693468066e-01,2.891527290193081634e-01
2.290236822802053374e-01,4.849299338039122359e-02,1.866494040843826863e-01,4.113908914740698752e-01,1.244430287809507735e-01
3.004568360106869007e-01,1.845353394166292793e-01,1.079325837618754502e-01,2.689864014064892173e-01,1.380888394043192358e-01
2.319843750366533397e-01,3.782571925763706377e-01,3.262147063747420916e-01,4.135232080225771656e-02,2.219140520997605129e-02
2.425246247754581641e-01,2.875750911874936366e-01,6.263892622606032079e-02,2.328939653890899353e-01,1.743673924218980542e-01
2.004061888758056909e-01,3.271316322544825517e-01,1.247222974504326280e-04,2.901015043488517353e-01,1.822359522234096585e-01
2.199200467183803354e-01,2.988403407565883366e-02,3.157639161261000527e-01,2.841148637773819874e-01,1.503171393024788360e-01
1.580976592318545648e-01,3.551581114879331369e-01,3.867670557563980815e-01,7.837868512490417383e-02,2.159848839890997352e-02
1.984479568009182848e-01,3.031876030612297712e-01,1.117144739988594204e-01,1.719493863375661791e-01,2.147005798014262612e-01
2.977878503199116733e-01,7.147686458315154201e-02,3.517448230895157679e-01,2.523623550876211707e-01,2.662810691979998826e-02
1.391310820912250446e-01,4.390291486284278455e-01,9.895188023499446039e-02,8.583059136750727236e-02,2.370572976778454743e-01
1.551265226647348394e-01,3.573252736861446954e-01,1.499362680870145736e-01,1.867903586021786022e-01,1.508215769599271228e-01
3.039897182924752861e-01,1.830884455541496869e-01,2.145448173396055092e-01,2.432407864017324117e-01,5.513623241203712000e-02
3.597999939647967826e-01,1.354331787986959579e-01,3.593229506719027022e-02,6.112230265107988780e-02,4.077122295182371015e-01
2.767593327576310658e-02,2.146601649146484547e-01,2.813016461422770953e-01,3.035532684288362315e-01,1.728089872384751535e-01
4.131425580213294313e-01,1.127909905482484543e-01,3.596672572609090901e-01,8.292384802873535576e-02,3.147534614077774490e-02
2.837205154115205463e-01,2.450058731962991565e-01,2.440756629359438212e-01,2.038873195856663600e-01,2.331062887057004998e-02
2.768326316770080564e-01,7.730764880520916982e-02,1.762338254780128344e-01,2.928607750299814239e-01,1.767651190097883629e-01
1.807100367887800874e-01,1.057854316054002430e-01,2.236947554409498551e-01,1.667381176163265644e-01,3.230716585485431946e-01
2.557759329570453155e-01,3.947957619355225711e-01,2.302866463705946221e-01,6.712661698092617368e-02,5.201504175591128293e-02
1.693723885897838455e-01,4.274812277276734962e-01,2.184728005104538129e-01,3.105263720356571042e-02,1.536209459685232703e-01
2.573771188866169624e-01,3.081746434987360506e-02,2.619979388375557328e-01,1.814278075196650297e-01,2.683796704062886840e-01
9.475662828293364426e-02,3.037091481833489315e-01,9.330259107074807823e-02,2.075629117394981182e-01,3.006687207234711723e-01
2.751189167286466897e-01,1.284210264609528807e-01,5.754770181429348652e-02,3.280383050090627250e-01,2.108740499870442875e-01
1.025512896086678977e-01,2.452318207038652886e-01,2.126081735512436455e-01,2.087544253008891404e-01,2.308542908353339029e-01
1.856262993822451468e-01,1.476664363106239553e-01,1.943909188999317361e-01,2.191829998987581685e-01,2.531333455084409101e-01
4.751644890184498343e-02,1.699439349615131378e-01,1.845819523578050847e-01,3.696661813993922796e-01,2.282914823794446046e-01
2.552066542764704678e-03,2.027015302228808713e-01,3.205340753529221098e-01,2.320650790411941944e-01,2.421472488402381384e-01
1.858919453241818232e-01,2.711592261011993577e-01,2.736897076960060904e-01,2.218527737850564674e-01,4.740634709355615733e-02
2.516468007939391405e-01,3.789578249518461006e-01,2.275168507040857199e-02,3.039669085894536882e-01,4.267678059435258547e-02
2.081480665204451519e-01,3.446275112989892753e-01,3.142255711743269231e-01,7.294509790342913746e-02,6.005375310280945678e-02
1.046525213144978012e-01,3.690274828178699562e-02,3.358085167322267806e-01,1.373217073445202885e-01,3.853145063269681203e-01
2.540687824298743513e-01,6.480403075688073722e-02,3.457849149267726574e-01,2.638101792891740516e-01,7.153209259729835512e-02
3.798044130347913994e-01,2.372943694779688084e-01,7.969120713796910144e-03,2.254008588321591566e-01,1.495312379412835624e-01
3.086930048628404588e-01,1.891646800058123801e-01,1.689809141732664943e-01,1.244867823536540130e-01,2.086746186044267093e-01
5.247945667246948220e-01,1.744701469465458066e-01,1.307083565423725335e-01,7.479017061925910537e-02,9.523675916712781575e-02
2.605696659430591922e-01,5.163179231727262897e-01,5.107258192666483398e-02,7.603524993477404903e-02,9.600457902277562128e-02
6.312485511111680381e-03,9.439522156285404253e-02,5.264421167461430517e-01,2.950702430443617463e-01,7.777993313552940269e-02
3.602026460010352427e-01,9.285698807200212790e-02,1.096537037033445544e-01,1.730106763174845130e-01,2.642759859061334926e-01
1.897251215822851611e-01,3.145977748920538164e-01,2.833582176072526604e-01,7.597859173399454380e-02,1.363402941844138738e-01
1.434048311442637225e-01,3.042179161460182302e-01,1.943385587521740190e-02,4.461922835103167007e-01,8.675111332418375398e-02
2.171786478810334431e-01,1.743638026078305758e-01,1.360755553384036531e-01,2.439292063413308342e-01,2.284527878314014937e-01
1.318313554141172517e-01,2.060827950531930741e-01,2.488106116190821337e-01,2.482687852629074376e-01,1.650064526507000473e-01
1.994788027722184387e-01,1.553877229895297141e-01,1.455483468235276301e-01,2.000451190023658787e-01,2.995400084123583384e-01
2.238531494430870961e-01,4.279211071178041365e-02,1.407722371618996826e-01,3.270561868122703331e-01,2.655263158709623705e-01
1.754397195039778534e-01,1.994891135343130339e-01,3.739156167251085905e-01,4.648670628292738555e-02,2.046688439536732407e-01
4.477412496781799089e-02,2.320638670221400190e-01,5.059431369247743143e-02,3.919518668197222167e-01,2.806158274978423628e-01
3.523383004976816668e-01,1.143235325955099940e-01,5.580460560021507227e-02,2.837021242620408334e-01,1.938314370445523571e-01
3.832236913053935212e-01,2.730398517929686353e-01,2.371300111683158074e-01,7.130116686865384246e-02,3.530527886466812426e-02
3.294897912157237485e-01,1.799945789540187968e-01,1.077079304442276619e-01,1.670171717712557458e-01,2.157905276147741025e-01
9.324020731113676075e-02,2.913556549623872449e-01,2.439497417475371410e-01,2.167875194956616347e-01,1.546668764832773157e-01
1.942007700603219922e-01,2.281096912872485061e-01,2.695221052059357247e-01,2.493979792272760787e-01,5.876945421921770524e-02
1.505074664664268480e-01,1.021875114676529424e-02,3.177139431071883124e-01,1.939990438975540965e-01,3.275607953820655616e-01
1.045391776214257828e-01,1.266630183134905552e-01,4.016651501798996216e-01,1.875851163575229519e-01,1.795475375276612273e-01
2.160904807320112794e-02,2.870542851681436303e-01,2.361722470973467713e-01,4.389694283744292602e-01,1.619499128687912695e-02
1.804193707180730133e-01,1.417171952349516144e-02,5.860675910454943988e-02,3.717050277716820728e-01,3.750971228822004289e-01
2.720124228585141246e-01,2.002359320902314666e-01,1.254237213684481211e-01,7.999358681652450620e-02,3.223343368662819342e-01
1.976801834921926293e-01,2.485145981347677280e-01,5.654591377881537650e-02,2.177487835084593315e-01,2.795105210857650180e-01
3.239499371449865855e-02,2.267357186061081387e-01,4.457849187096791232e-01,1.797155828766358043e-01,1.153687860930781572e-01
3.820195189727624840e-01,1.992016456025972049e-01,1.616542085514104388e-01,2.255571976286041003e-01,3.156742924462599409e-02
2.791987850763695544e-02,1.144224270218614781e-01,2.313342039846216780e-01,2.485652574938610471e-01,3.777582329920187720e-01
2.591575887339352402e-01,1.442862403137178395e-01,2.044415486599203691e-01,1.824249055654059704e-01,2.096897167270207196e-01
4.184374826168384964e-01,2.064685220393603082e-01,9.452123722099663172e-02,3.000077443729600585e-02,2.505719836855084259e-01
3.289662983534134555e-01,9.916980253325104189e-02,2.772395323680985069e-01,7.937852202317748074e-02,2.152458447220595150e-01
1.033638794323793048e-01,9.639816272221540805e-02,2.546535109645345907e-01,2.442224510986314157e-01,3.013619957822393225e-01
3.134058985250409157e-01,2.035205777519985895e-02,3.336907708661698280e-01,7.411161036327380824e-02,2.584396624703155787e-01
6.420108836309695866e-02,3.472212226132836421e-01,2.487001506329165890e-01,1.265584758570838797e-01,2.133190625336188750e-01
3.465298602165160502e-01,1.891190617870907864e-01,3.934106508251491996e-02,4.800770654744876409e-02,3.770023063664294516e-01
3.572174877966094453e-01,9.315054692463350938e-02,5.420442813970149237e-02,2.215415285912758492e-01,2.738860085477796136e-01
3.748960102084598622e-01,1.479781525943172638e-01,7.269290577078152404e-02,2.956855417673876496e-01,1.087473896590536310e-01
1.236453248597046833e-01,2.189253315485189810e-01,3.221987051544304426e-01,2.562345338439085962e-01,7.899610459343729685e-02
1.144609813277308458e-01,3.001582723652129192e-01,2.713957147031642592e-01,5.989556109708606829e-02,2.540894705068057480e-01
1.880429066677718752e-01,9.289926222904190678e-02,9.176593432037390141e-02,9.665293321859308451e-02,5.306389635642192459e-01
1.879312783976021806e-01,9.566452291788738599e-03,4.995013392842057032e-01,4.751886334694029740e-02,2.554820666794631046e-01
7.336122092199971745e-02,2.775865827305197264e-01,9.649090235316462594e-02,5.288723370706074345e-01,2.368895692370845407e-02
5.259060161699425917e-01,3.750788216964476979e-02,2.795170460142589741e-01,6.334926471040976462e-03,1.507341291751126688e-01
1.623229542326806996e-01,3.207688571726221571e-01,1.829677981990500239e-03,3.440284673439100716e-01,1.710500432687966921e-01
3.274401692455641277e-01,4.303144619524209430e-02,1.654684252041769069e-02,1.961723945070599218e-01,4.168091475317160510e-01
1.892498762886479224e-01,4.214023571417967184e-02,2.106762245454551485e-01,3.832998137109102088e-01,1.746338497408069790e-01
3.219335338231960608e-01,3.295892952273161980e-02,3.363380767242883373e-01,1.932764968354465651e-01,1.154929630943374724e-01
2.788505312692486915e-01,1.779664164624498446e-01,2.013756664514819161e-01,2.860768094218610336e-01,5.573057639495852811e-02
2.233107259066247630e-01,2.372647549967374092e-01,1.925260758375291203e-01,2.060071863148496274e-01,1.408912569442589968e-01
2.888608808332811251e-02,2.513937027019905179e-01,3.147330294195908595e-01,2.791391767957191461e-01,1.258480029993712668e-01
2.310927375203314094e-01,3.070985670537368373e-01,7.664123939680585196e-02,3.038857275668832569e-01,8.128172846224265835e-02
1.642535865680220392e-02,3.114240540894135378e-01,2.607718874556391730e-01,3.738970152480295406e-01,3.748168455011551686e-02
6.258890397413321982e-02,9.631151136038769434e-02,1.785211830674530153e-01,2.931072540796456627e-01,3.694711475183805049e-01
2.947258586595448704e-01,2.942325968088396193e-01,1.647328900250468742e-01,2.021500630996668768e-01,4.415859140690169687e-02
1.745911980676884134e-01,2.482907216397633177e-01,2.953692242390335565e-01,1.975557213872805307e-01,8.419313466623416786e-02
2.179220371972283576e-01,1.591869771452856797e-01,3.222593577164200584e-01,1.914976371175102776e-01,1.091339908235556544e-01
2.593648399791896320e-01,2.829128069991479477e-01,1.741782004935653050e-01,1.726757580508890833e-01,1.108683944772080460e-01
3.594483384951951965e-01,3.656029466949246159e-02,7.106641218758849576e-02,1.910787522753363277e-01,3.418462023723876086e-01
9.610153857351333775e-03,2.659071515403425012e-01,8.722948139700001380e-02,3.486354595703842207e-01,2.886177536349219253e-01
2.119063400481186465e-01,1.269172641313468797e-01,2.655748528044875600e-01,8.168073705913179994e-02,3.139208059569151277e-01
1.701412933743900457e-01,2.929789492286520303e-01,3.223228206427400933e-01,1.935587464668133417e-01,2.099819028740442309e-02
3.955250821477538370e-01,1.560706815663817082e-01,1.176768040776646901e-01,2.416714023699620406e-01,8.905602983823758534e-02
1.923391928191381661e-01,1.333807117886645632e-01,1.370553547709008613e-01,1.739780909130764774e-01,3.632466497082198487e-01
2.933002578406704308e-01,4.310612264032022689e-01,1.147814277075824424e-01,9.925261441764111903e-02,6.160447363090380130e-02
1.951882114195169216e-01,1.779689414596898611e-01,2.487494168916592682e-02,3.253753766339309572e-02,5.694303677682341913e-01
6.283429949479921867e-03,3.486723797126901059e-01,1.514258756679588980e-01,3.485486497981683529e-01,1.450696648717026693e-01
2.153760188330706982e-01,1.750847328953444304e-01,2.157221815199330817e-01,1.909532973916858722e-01,2.028637693599658898e-01
2.508458641825938584e-01,2.542865888821150833e-01,6.471034312562812252e-02,3.958955774790879900e-01,3.426162633057484863e-02
2.216933471583658055e-01,1.544383118269227091e-02,2.719020842460963538e-01,4.234496066210599041e-01,6.751113079178566734e-02
2.160327248605828712e-02,4.231068886659940936e-02,1.577355765494338480e-01,1.555562222450074805e-01,6.227942398529009438e-01
1.820074195508541715e-01,1.664222959764884990e-01,1.262633756163775434e-01,2.863129157762626109e-01,2.389939930800172030e-01
1.490589529010447611e-01,2.492179980481794288e-01,5.844774964494734576e-02,3.219116410868210210e-01,2.213636583190075058e-01
4.968745598970149280e-02,2.182525230004959960e-02,1.766604408973676266e-01,5.041096116212718803e-01,2.477172391916094285e-01
2.456956118032168346e-01,2.564212304910070128e-01,2.530231899501243498e-01,2.039271210698619108e-01,4.093284668578987817e-02
1.256570180678611148e-01,3.072655792863046575e-01,2.454954082329151299e-01,2.552496541223098214e-01,6.633234029060922077e-02
2.663898825454237840e-01,2.412445710243266150e-01,6.058164104163411834e-02,2.210841081655995632e-01,2.106997972230159055e-01
2.027886997555689852e-01,2.720529444110541539e-01,1.597335505466100369e-01,9.536297417205001625e-02,2.700618311147167661e-01
3.896789688380781769e-01,1.078264807505911194e-01,4.056943724330102641e-01,6.899141988185820973e-02,2.780875809646223690e-02
3.450801407572829521e-02,2.267081207716221680e-01,2.542802729302153786e-01,2.370736877577989399e-01,2.474299044646351975e-01
1.313068120794426141e-01,2.076452446270412033e-01,1.467109383495011354e-01,2.536324449562925021e-01,2.607045599877225173e-01
2.908589655057983170e-01,1.609492899329911797e-01,2.857622934539217896e-01,5.962693733759853731e-02,2.028025137696901070e-01
7.574649233272805204e-02,2.742268672165963928e-01,3.248431927295002408e-01,2.793546970614282365e-01,4.582875065974704315e-02
2.510195106461246550e-01,2.880394779408821382e-01,1.652699742134419447e-01,2.103464918969962516e-01,8.532454530255481617e-02
7.761976942216552988e-02,2.570577217359342193e-01,1.890259382733280036e-01,6.932963843693547290e-02,4.069669321316367605e-01
3.852788633709550159e-01,2.689678397432993529e-01,1.187937913630220249e-01,2.231105762341409338e-01,3.848929288582640922e-03
4.083875207104176175e-01,2.220187029943338497e-01,2.580744415671301084e-01,7.966278934722793859e-02,3.185654538089033316e-02
2.243217155486887104e-01,1.832683270108153295e-01,1.514702111985045674e-01,2.786433571026337153e-01,1.622963891393575941e-01
3.716400950870668574e-01,1.444357341619520174e-01,2.034893724040271468e-01,2.058943464457393679e-01,7.454045190121454112e-02
3.137474204279269707e-01,2.523291136112829625e-01,8.912741589525217945e-02,3.221716562535743011e-01,2.262439381196371113e-02
1.528429331069151159e-02,9.157691874593434922e-02,3.572270974416373313e-01,2.265350378728178404e-01,3.093766526289188357e-01
8.884126472715542233e-02,1.305465338215588134e-01,2.181157712788104053e-01,3.333304657973033547e-01,2.291659643751720876e-01
2.394925894189912363e-01,1.875970595074192282e-01,2.273075288583115972e-01,1.322873216111719041e-01,2.133155006041060064e-01
2.371049374897961637e-01,1.786161310810711611e-01,8.121897344916527428e-02,1.346097713673923835e-01,3.684501866125750591e-01
2.566535542555735128e-01,3.708305475201514323e-01,2.571161284290368054e-01,3.018667670061512404e-02,8.521309309462297976e-02
3.497761934792186223e-01,1.279526763763680075e-01,9.275594212204286981e-02,3.017986995364646541e-01,1.277164884859058325e-01
6.113290127571442689e-02,1.896714402854405845e-01,2.885681817791601114e-02,4.209450026538611445e-01,2.993938376070678919e-01
1.068051674875686308e-01,3.275600101519074991e-01,1.368147061327000258e-01,2.589675913253908779e-01,1.698525249024328554e-01
3.609363156057083383e-02,2.391289391811534382e-01,2.613600463421744124e-01,6.611066570391027630e-02,3.973067172121910740e-01
3.723059575970309454e-01,6.693388979798015059e-02,1.199175068309451669e-01,2.207377747812450108e-01,2.201048709927987956e-01
2.197594430214335204e-01,1.064113249497353475e-01,4.757880494568640373e-01,9.621191300714285188e-02,1.018292695648243817e-01
2.822963096167347419e-01,4.064174861501952396e-01,8.912226487433771993e-02,2.217760053275815990e-01,3.879340311507562802e-04
1.947403712429342237e-01,1.026595883608400206e-01,1.335895770854686471e-01,5.108180076742153686e-01,5.819245563654158043e-02
1.723618850216199760e-01,4.414569066290201238e-02,2.130034423436832358e-01,4.374478195094071847e-02,5.267442000208539810e-01
1.108022101679706217e-01,3.790743044269219153e-01,2.537040116250491306e-01,2.354054991056547808e-01,2.101397467440347527e-02
1.585043651623155025e-01,2.246229134725135634e-01,2.131397379168229467e-01,1.675227444978633351e-01,2.362102389504847078e-01
1.628306932258518080e-01,1.385753189113970718e-01,1.847488175563250790e-01,2.492818110734492665e-01,2.645633592329768580e-01
1.674808470611026390e-01,3.212410965534825413e-01,1.250970841794425692e-01,1.065593199613568132e-01,2.796216522446153818e-01
3.983524990160151186e-02,3.682325494500454099e-01,1.385028272088139889e-01,2.604419875728177236e-01,1.929873858667212894e-01
2.124646548451209760e-01,1.208418721727092110e-01,1.112520528431597266e-01,2.594533054714119880e-01,2.959881146675981678e-01
2.918704895607408534e-01,2.675895291899592077e-01,1.350094938686738077e-01,1.442750510887433890e-01,1.612554362918827977e-01
4.615524608002861962e-02,1.805339099399198843e-01,1.889773357970168932e-01,4.526482078973939616e-01,1.316853002856406829e-01
1.583922241094274652e-01,2.968337854560140210e-01,6.564910541144762524e-02,1.510529405266924086e-01,3.280719444964182996e-01
2.416783107958625498e-01,2.621606745303783903e-01,1.800686883030774010e-01,2.698814882588717601e-01,4.621083811181004447e-02
8.741221255852910099e-02,2.434995295160761186e-01,2.353870802457576905e-01,2.814588702423026501e-01,1.522423074373344676e-01
1.302037311908266215e-02,2.652721150953725737e-01,1.870822668694926416e-01,2.108607355248476312e-01,3.237645093912043803e-01
2.461990603557008897e-02,9.457363556283125694e-02,3.816424441596646955e-01,9.330337714087441614e-02,4.058606371010595182e-01
3.153892750446694038e-01,1.383693362083829315e-01,2.818192166555794076e-02,3.340067569703744077e-01,1.840527101110154273e-01
4.468589371226509011e-01,3.210237289328384674e-02,3.710664781288408043e-01,4.132951044148920616e-02,1.086427014137352487e-01
4.774404557183657971e-01,5.556493575760338560e-02,7.313865410737603601e-02,3.536519471728865605e-01,4.020400724376820001e-02
3.833893889035845381e-01,1.716343387280724053e-01,2.844642476741158221e-01,1.273562494071221914e-02,1.477763997535148088e-01
1.932254452834542002e-01,1.943855680232547400e-01,2.568606361158130014e-01,2.253907737965113456e-01,1.301375767809667128e-01
1.068330423099330129e-01,2.449635573186056958e-01,1.801531677438584500e-01,2.529274816987371888e-01,2.151227509288656248e-01
4.157730156791145798e-02,1.969591939932982816e-01,3.280817376770566729e-01,4.110888713976201814e-01,2.229289536411346861e-02
2.341267310953287217e-01,2.247124640537822848e-01,5.807844376710830786e-02,2.917104348065054364e-01,1.913719262772753116e-01
3.127881559587593063e-01,2.085637969732281327e-01,7.964501326395465042e-02,9.883088622207596152e-02,3.001721475819820739e-01
2.338809976884273500e-01,1.706664180378419382e-01,3.797429771600538961e-01,4.473037203120990013e-02,1.709792350824670126e-01
2.481846686180916028e-01,7.790509412368180897e-02,1.390522570597762242e-01,1.819967788402566955e-01,3.528612013581935991e-01
7.902929805349892534e-02,1.391087951670541556e-01,1.732481568661797255e-01,3.016949148699712424e-01,3.069188350432959234e-01
2.397165660094597306e-01,3.074298498739901908e-01,5.677936500848972806e-02,9.040492122298282585e-02,3.056692978850774622e-01
2.188763460377099734e-01,3.316672541342625680e-01,2.050785312859512155e-01,1.434639954338316203e-01,1.009138731082446228e-01
2.801040336227662575e-01,5.422398810363614902e-02,3.017170325811824316e-01,1.505212307524375626e-01,2.134337149399776201e-01
4.436594415297737681e-01,1.329292307500685999e-01,1.117960496123300979e-01,3.269569731937047030e-02,2.789195807884570222e-01
3.722461292417632017e-01,1.657061210402969165e-01,1.437782037202493812e-01,1.415679403910200806e-01,1.767016056066703367e-01
8.155925211737305447e-02,1.058607694311727021e-01,3.712093869963363213e-01,3.626433921041742336e-01,7.872719935094378563e-02
2.551110153057001284e-01,3.215167302635726920e-02,3.348869720591376442e-01,4.436769608140810409e-03,3.734135700006643299e-01
2.602106146300984801e-01,1.941316768306323992e-02,5.368993003426278943e-01,6.783026077344889160e-02,1.156466565707615080e-01
1.598778742376461559e-01,1.718421946382505117e-01,1.064806920842431559e-01,2.239397491680545360e-01,3.378594898718055295e-01
7.003671760018952142e-02,1.572433111211853085e-01,3.357388300320830465e-01,1.673543023401713736e-01,2.696268389063708470e-01
